{
 "cells": [
  {
   "cell_type": "code",
   "execution_count": 134,
   "id": "c392a12f",
   "metadata": {},
   "outputs": [],
   "source": [
    "import pandas as pd\n",
    "import numpy as np\n",
    "import seaborn as sns\n",
    "import matplotlib.pyplot as plt\n",
    "%matplotlib inline\n",
    "from numpy import cov\n",
    "from scipy.stats import pearsonr\n",
    "import seaborn as sns\n",
    "from sklearn.preprocessing import MinMaxScaler,StandardScaler\n",
    "from sklearn.preprocessing import LabelEncoder\n",
    "from sklearn.decomposition import PCA\n",
    "import scipy.stats as stats\n",
    "from scipy.stats import chi2,ttest_ind"
   ]
  },
  {
   "cell_type": "markdown",
   "id": "d4375819",
   "metadata": {},
   "source": [
    "The \"UsedCarsData\" is an Automobile Industry data,which aspires to enter the Used-car market\n",
    "by setting up their company locally to give competition to their counterparts.They want to \n",
    "understand the factors affecting the pricing of cars in the market, since those may be very\n",
    "different from the new car market.Therefore, to analyse the competition and pricing of the \n",
    "rest of the market i have tried to represent the dataset statstically and have made graphical \n",
    "representation wherever necessary so that it would be easy to understand."
   ]
  },
  {
   "cell_type": "code",
   "execution_count": 2,
   "id": "21eefed1",
   "metadata": {},
   "outputs": [
    {
     "data": {
      "text/html": [
       "<div>\n",
       "<style scoped>\n",
       "    .dataframe tbody tr th:only-of-type {\n",
       "        vertical-align: middle;\n",
       "    }\n",
       "\n",
       "    .dataframe tbody tr th {\n",
       "        vertical-align: top;\n",
       "    }\n",
       "\n",
       "    .dataframe thead th {\n",
       "        text-align: right;\n",
       "    }\n",
       "</style>\n",
       "<table border=\"1\" class=\"dataframe\">\n",
       "  <thead>\n",
       "    <tr style=\"text-align: right;\">\n",
       "      <th></th>\n",
       "      <th>Sales_ID</th>\n",
       "      <th>name</th>\n",
       "      <th>year</th>\n",
       "      <th>selling_price</th>\n",
       "      <th>km_driven</th>\n",
       "      <th>Region</th>\n",
       "      <th>State or Province</th>\n",
       "      <th>City</th>\n",
       "      <th>fuel</th>\n",
       "      <th>seller_type</th>\n",
       "      <th>transmission</th>\n",
       "      <th>owner</th>\n",
       "      <th>mileage</th>\n",
       "      <th>engine</th>\n",
       "      <th>max_power</th>\n",
       "      <th>torque</th>\n",
       "      <th>seats</th>\n",
       "      <th>sold</th>\n",
       "    </tr>\n",
       "  </thead>\n",
       "  <tbody>\n",
       "    <tr>\n",
       "      <th>0</th>\n",
       "      <td>1</td>\n",
       "      <td>Maruti Swift Dzire VDI</td>\n",
       "      <td>2014</td>\n",
       "      <td>450000</td>\n",
       "      <td>145500</td>\n",
       "      <td>East</td>\n",
       "      <td>District of Columbia</td>\n",
       "      <td>Washington</td>\n",
       "      <td>Diesel</td>\n",
       "      <td>Individual</td>\n",
       "      <td>Manual</td>\n",
       "      <td>First Owner</td>\n",
       "      <td>23.4 kmpl</td>\n",
       "      <td>1248 CC</td>\n",
       "      <td>74 bhp</td>\n",
       "      <td>190Nm@ 2000rpm</td>\n",
       "      <td>5</td>\n",
       "      <td>Y</td>\n",
       "    </tr>\n",
       "    <tr>\n",
       "      <th>1</th>\n",
       "      <td>2</td>\n",
       "      <td>Skoda Rapid 1.5 TDI Ambition</td>\n",
       "      <td>2014</td>\n",
       "      <td>370000</td>\n",
       "      <td>120000</td>\n",
       "      <td>East</td>\n",
       "      <td>New York</td>\n",
       "      <td>New York City</td>\n",
       "      <td>Diesel</td>\n",
       "      <td>Individual</td>\n",
       "      <td>Manual</td>\n",
       "      <td>Second Owner</td>\n",
       "      <td>21.14 kmpl</td>\n",
       "      <td>1498 CC</td>\n",
       "      <td>103.52 bhp</td>\n",
       "      <td>250Nm@ 1500-2500rpm</td>\n",
       "      <td>5</td>\n",
       "      <td>Y</td>\n",
       "    </tr>\n",
       "    <tr>\n",
       "      <th>2</th>\n",
       "      <td>3</td>\n",
       "      <td>Honda City 2017-2020 EXi</td>\n",
       "      <td>2006</td>\n",
       "      <td>158000</td>\n",
       "      <td>140000</td>\n",
       "      <td>Central</td>\n",
       "      <td>Illinois</td>\n",
       "      <td>Chicago</td>\n",
       "      <td>Petrol</td>\n",
       "      <td>Individual</td>\n",
       "      <td>Manual</td>\n",
       "      <td>Third Owner</td>\n",
       "      <td>17.7 kmpl</td>\n",
       "      <td>1497 CC</td>\n",
       "      <td>78 bhp</td>\n",
       "      <td>12.7@ 2,700(kgm@ rpm)</td>\n",
       "      <td>5</td>\n",
       "      <td>Y</td>\n",
       "    </tr>\n",
       "    <tr>\n",
       "      <th>3</th>\n",
       "      <td>4</td>\n",
       "      <td>Hyundai i20 Sportz Diesel</td>\n",
       "      <td>2010</td>\n",
       "      <td>225000</td>\n",
       "      <td>127000</td>\n",
       "      <td>Central</td>\n",
       "      <td>Illinois</td>\n",
       "      <td>Chicago</td>\n",
       "      <td>Diesel</td>\n",
       "      <td>Individual</td>\n",
       "      <td>Manual</td>\n",
       "      <td>First Owner</td>\n",
       "      <td>23.0 kmpl</td>\n",
       "      <td>1396 CC</td>\n",
       "      <td>90 bhp</td>\n",
       "      <td>22.4 kgm at 1750-2750rpm</td>\n",
       "      <td>5</td>\n",
       "      <td>Y</td>\n",
       "    </tr>\n",
       "    <tr>\n",
       "      <th>4</th>\n",
       "      <td>5</td>\n",
       "      <td>Maruti Swift VXI BSIII</td>\n",
       "      <td>2007</td>\n",
       "      <td>130000</td>\n",
       "      <td>120000</td>\n",
       "      <td>East</td>\n",
       "      <td>New York</td>\n",
       "      <td>New York City</td>\n",
       "      <td>Petrol</td>\n",
       "      <td>Individual</td>\n",
       "      <td>Manual</td>\n",
       "      <td>First Owner</td>\n",
       "      <td>16.1 kmpl</td>\n",
       "      <td>1298 CC</td>\n",
       "      <td>88.2 bhp</td>\n",
       "      <td>11.5@ 4,500(kgm@ rpm)</td>\n",
       "      <td>5</td>\n",
       "      <td>Y</td>\n",
       "    </tr>\n",
       "  </tbody>\n",
       "</table>\n",
       "</div>"
      ],
      "text/plain": [
       "   Sales_ID                          name  year  selling_price  km_driven  \\\n",
       "0         1        Maruti Swift Dzire VDI  2014         450000     145500   \n",
       "1         2  Skoda Rapid 1.5 TDI Ambition  2014         370000     120000   \n",
       "2         3      Honda City 2017-2020 EXi  2006         158000     140000   \n",
       "3         4     Hyundai i20 Sportz Diesel  2010         225000     127000   \n",
       "4         5        Maruti Swift VXI BSIII  2007         130000     120000   \n",
       "\n",
       "    Region     State or Province           City    fuel seller_type  \\\n",
       "0     East  District of Columbia     Washington  Diesel  Individual   \n",
       "1     East              New York  New York City  Diesel  Individual   \n",
       "2  Central              Illinois        Chicago  Petrol  Individual   \n",
       "3  Central              Illinois        Chicago  Diesel  Individual   \n",
       "4     East              New York  New York City  Petrol  Individual   \n",
       "\n",
       "  transmission         owner     mileage   engine   max_power  \\\n",
       "0       Manual   First Owner   23.4 kmpl  1248 CC      74 bhp   \n",
       "1       Manual  Second Owner  21.14 kmpl  1498 CC  103.52 bhp   \n",
       "2       Manual   Third Owner   17.7 kmpl  1497 CC      78 bhp   \n",
       "3       Manual   First Owner   23.0 kmpl  1396 CC      90 bhp   \n",
       "4       Manual   First Owner   16.1 kmpl  1298 CC    88.2 bhp   \n",
       "\n",
       "                     torque  seats sold  \n",
       "0            190Nm@ 2000rpm      5    Y  \n",
       "1       250Nm@ 1500-2500rpm      5    Y  \n",
       "2     12.7@ 2,700(kgm@ rpm)      5    Y  \n",
       "3  22.4 kgm at 1750-2750rpm      5    Y  \n",
       "4     11.5@ 4,500(kgm@ rpm)      5    Y  "
      ]
     },
     "execution_count": 2,
     "metadata": {},
     "output_type": "execute_result"
    }
   ],
   "source": [
    "df=pd.read_csv('UsedCarsData.csv')\n",
    "df.head()"
   ]
  },
  {
   "cell_type": "markdown",
   "id": "9c236a89",
   "metadata": {},
   "source": [
    "To check the unique values of features in the dataset,so that we dont get any incorrect data:"
   ]
  },
  {
   "cell_type": "code",
   "execution_count": 3,
   "id": "59c3dbd4",
   "metadata": {},
   "outputs": [
    {
     "data": {
      "text/plain": [
       "array(['Maruti Swift Dzire VDI', 'Skoda Rapid 1.5 TDI Ambition',\n",
       "       'Honda City 2017-2020 EXi', ..., 'Tata Nexon 1.5 Revotorq XT',\n",
       "       'Ford Freestyle Titanium Plus Diesel BSIV',\n",
       "       'Toyota Innova 2.5 GX (Diesel) 8 Seater BS IV'], dtype=object)"
      ]
     },
     "execution_count": 3,
     "metadata": {},
     "output_type": "execute_result"
    }
   ],
   "source": [
    "df['name'].unique()"
   ]
  },
  {
   "cell_type": "code",
   "execution_count": 4,
   "id": "89a232f9",
   "metadata": {},
   "outputs": [
    {
     "data": {
      "text/plain": [
       "array(['East', 'Central', 'West', 'South'], dtype=object)"
      ]
     },
     "execution_count": 4,
     "metadata": {},
     "output_type": "execute_result"
    }
   ],
   "source": [
    "df['Region'].unique()"
   ]
  },
  {
   "cell_type": "code",
   "execution_count": 5,
   "id": "3fa8180a",
   "metadata": {},
   "outputs": [
    {
     "data": {
      "text/plain": [
       "array(['Diesel', 'Petrol', 'LPG', 'CNG'], dtype=object)"
      ]
     },
     "execution_count": 5,
     "metadata": {},
     "output_type": "execute_result"
    }
   ],
   "source": [
    "df['fuel'].unique()"
   ]
  },
  {
   "cell_type": "code",
   "execution_count": 7,
   "id": "e42efefa",
   "metadata": {},
   "outputs": [
    {
     "data": {
      "text/plain": [
       "array(['Manual', 'Automatic'], dtype=object)"
      ]
     },
     "execution_count": 7,
     "metadata": {},
     "output_type": "execute_result"
    }
   ],
   "source": [
    "df['transmission'].unique()"
   ]
  },
  {
   "cell_type": "code",
   "execution_count": 10,
   "id": "35f756d7",
   "metadata": {},
   "outputs": [
    {
     "data": {
      "text/plain": [
       "(7906, 18)"
      ]
     },
     "execution_count": 10,
     "metadata": {},
     "output_type": "execute_result"
    }
   ],
   "source": [
    "df.shape"
   ]
  },
  {
   "cell_type": "code",
   "execution_count": 13,
   "id": "9f51a517",
   "metadata": {},
   "outputs": [
    {
     "data": {
      "text/plain": [
       "Sales_ID             0\n",
       "name                 0\n",
       "year                 0\n",
       "selling_price        0\n",
       "km_driven            0\n",
       "Region               0\n",
       "State or Province    0\n",
       "City                 0\n",
       "fuel                 0\n",
       "seller_type          0\n",
       "transmission         0\n",
       "owner                0\n",
       "mileage              0\n",
       "engine               0\n",
       "max_power            0\n",
       "torque               0\n",
       "seats                0\n",
       "sold                 0\n",
       "dtype: int64"
      ]
     },
     "execution_count": 13,
     "metadata": {},
     "output_type": "execute_result"
    }
   ],
   "source": [
    "df.isnull().sum()"
   ]
  },
  {
   "cell_type": "code",
   "execution_count": 14,
   "id": "f7679bfd",
   "metadata": {},
   "outputs": [
    {
     "data": {
      "text/html": [
       "<div>\n",
       "<style scoped>\n",
       "    .dataframe tbody tr th:only-of-type {\n",
       "        vertical-align: middle;\n",
       "    }\n",
       "\n",
       "    .dataframe tbody tr th {\n",
       "        vertical-align: top;\n",
       "    }\n",
       "\n",
       "    .dataframe thead th {\n",
       "        text-align: right;\n",
       "    }\n",
       "</style>\n",
       "<table border=\"1\" class=\"dataframe\">\n",
       "  <thead>\n",
       "    <tr style=\"text-align: right;\">\n",
       "      <th></th>\n",
       "      <th>Sales_ID</th>\n",
       "      <th>name</th>\n",
       "      <th>year</th>\n",
       "      <th>selling_price</th>\n",
       "      <th>km_driven</th>\n",
       "      <th>Region</th>\n",
       "      <th>State or Province</th>\n",
       "      <th>City</th>\n",
       "      <th>fuel</th>\n",
       "      <th>seller_type</th>\n",
       "      <th>transmission</th>\n",
       "      <th>owner</th>\n",
       "      <th>mileage</th>\n",
       "      <th>engine</th>\n",
       "      <th>max_power</th>\n",
       "      <th>torque</th>\n",
       "      <th>seats</th>\n",
       "      <th>sold</th>\n",
       "    </tr>\n",
       "  </thead>\n",
       "  <tbody>\n",
       "  </tbody>\n",
       "</table>\n",
       "</div>"
      ],
      "text/plain": [
       "Empty DataFrame\n",
       "Columns: [Sales_ID, name, year, selling_price, km_driven, Region, State or Province, City, fuel, seller_type, transmission, owner, mileage, engine, max_power, torque, seats, sold]\n",
       "Index: []"
      ]
     },
     "execution_count": 14,
     "metadata": {},
     "output_type": "execute_result"
    }
   ],
   "source": [
    "df.loc[df.duplicated()]"
   ]
  },
  {
   "cell_type": "markdown",
   "id": "46cba93f",
   "metadata": {},
   "source": [
    "# Task 1.1(Data Manipulation using Python)"
   ]
  },
  {
   "cell_type": "markdown",
   "id": "0a09ac01",
   "metadata": {},
   "source": [
    "a.Which brands are selling most?"
   ]
  },
  {
   "cell_type": "code",
   "execution_count": 15,
   "id": "4d2af882",
   "metadata": {},
   "outputs": [
    {
     "data": {
      "text/plain": [
       "Maruti Swift Dzire VDI                    42\n",
       "Maruti Alto 800 LXI                       21\n",
       "BMW X4 M Sport X xDrive20d                19\n",
       "Maruti Wagon R VXI BS IV                  16\n",
       "Maruti Wagon R LXI                        15\n",
       "                                          ..\n",
       "Hyundai i20 1.4 CRDi Era                   1\n",
       "Mahindra Xylo D4 BSIV                      1\n",
       "Honda Amaze i-VTEC Privilege Edition       1\n",
       "Mahindra Scorpio S2 7 Seater               1\n",
       "Mahindra TUV 300 mHAWK100 T8 Dual Tone     1\n",
       "Name: name, Length: 968, dtype: int64"
      ]
     },
     "execution_count": 15,
     "metadata": {},
     "output_type": "execute_result"
    }
   ],
   "source": [
    "sell_brand=df[df['sold']=='Y']['name'].value_counts()\n",
    "sell_brand"
   ]
  },
  {
   "cell_type": "markdown",
   "id": "e6c3ebcb",
   "metadata": {},
   "source": [
    "As we can infer from the above data, \"Maruti Swift Dzire VDI\" and \"Maruti Alto 800 LXI\" are the\n",
    "two most selling brands."
   ]
  },
  {
   "cell_type": "markdown",
   "id": "6fb65d42",
   "metadata": {},
   "source": [
    "b. Are there specific locations selling more?"
   ]
  },
  {
   "cell_type": "code",
   "execution_count": 16,
   "id": "b8123e07",
   "metadata": {},
   "outputs": [
    {
     "data": {
      "text/plain": [
       "East       630\n",
       "Central    540\n",
       "West       487\n",
       "South      343\n",
       "Name: Region, dtype: int64"
      ]
     },
     "execution_count": 16,
     "metadata": {},
     "output_type": "execute_result"
    }
   ],
   "source": [
    "location=df[df['sold']=='Y']['Region'].value_counts()\n",
    "location"
   ]
  },
  {
   "cell_type": "markdown",
   "id": "e308f840",
   "metadata": {},
   "source": [
    "East\"(630) and \"Central\"(540) are the two specific locations which are selling more."
   ]
  },
  {
   "cell_type": "markdown",
   "id": "a7fa64a0",
   "metadata": {},
   "source": [
    "c. Which factors are more important in deciding cars' selling price? Ex. kms driven\n",
    "or type of owner or fuel type?\n"
   ]
  },
  {
   "cell_type": "code",
   "execution_count": 17,
   "id": "1b651428",
   "metadata": {},
   "outputs": [
    {
     "name": "stdout",
     "output_type": "stream",
     "text": [
      "               Sales_ID      year  selling_price  km_driven     seats\n",
      "Sales_ID       1.000000 -0.001304      -0.012125   0.009556 -0.014154\n",
      "year          -0.001304  1.000000       0.412302  -0.428548 -0.007923\n",
      "selling_price -0.012125  0.412302       1.000000  -0.222158  0.041617\n",
      "km_driven      0.009556 -0.428548      -0.222158   1.000000  0.227259\n",
      "seats         -0.014154 -0.007923       0.041617   0.227259  1.000000\n"
     ]
    }
   ],
   "source": [
    "print(df.corr())"
   ]
  },
  {
   "cell_type": "code",
   "execution_count": 18,
   "id": "549f9e75",
   "metadata": {},
   "outputs": [
    {
     "data": {
      "text/html": [
       "<div>\n",
       "<style scoped>\n",
       "    .dataframe tbody tr th:only-of-type {\n",
       "        vertical-align: middle;\n",
       "    }\n",
       "\n",
       "    .dataframe tbody tr th {\n",
       "        vertical-align: top;\n",
       "    }\n",
       "\n",
       "    .dataframe thead th {\n",
       "        text-align: right;\n",
       "    }\n",
       "</style>\n",
       "<table border=\"1\" class=\"dataframe\">\n",
       "  <thead>\n",
       "    <tr style=\"text-align: right;\">\n",
       "      <th></th>\n",
       "      <th>Sales_ID</th>\n",
       "      <th>name</th>\n",
       "      <th>year</th>\n",
       "      <th>selling_price</th>\n",
       "      <th>km_driven</th>\n",
       "      <th>Region</th>\n",
       "      <th>State or Province</th>\n",
       "      <th>City</th>\n",
       "      <th>fuel</th>\n",
       "      <th>seller_type</th>\n",
       "      <th>transmission</th>\n",
       "      <th>owner</th>\n",
       "      <th>mileage</th>\n",
       "      <th>engine</th>\n",
       "      <th>max_power</th>\n",
       "      <th>torque</th>\n",
       "      <th>seats</th>\n",
       "      <th>sold</th>\n",
       "    </tr>\n",
       "  </thead>\n",
       "  <tbody>\n",
       "    <tr>\n",
       "      <th>Sales_ID</th>\n",
       "      <td>1.000000</td>\n",
       "      <td>0.279553</td>\n",
       "      <td>0.003868</td>\n",
       "      <td>0.123902</td>\n",
       "      <td>0.153325</td>\n",
       "      <td>0.078271</td>\n",
       "      <td>0.227767</td>\n",
       "      <td>0.753860</td>\n",
       "      <td>-0.030614</td>\n",
       "      <td>-0.021950</td>\n",
       "      <td>-0.017454</td>\n",
       "      <td>0.001795</td>\n",
       "      <td>0.058218</td>\n",
       "      <td>-0.001179</td>\n",
       "      <td>0.043101</td>\n",
       "      <td>0.078585</td>\n",
       "      <td>-0.007826</td>\n",
       "      <td>0.752949</td>\n",
       "    </tr>\n",
       "    <tr>\n",
       "      <th>name</th>\n",
       "      <td>0.279553</td>\n",
       "      <td>1.000000</td>\n",
       "      <td>0.029182</td>\n",
       "      <td>0.085367</td>\n",
       "      <td>0.097992</td>\n",
       "      <td>0.017409</td>\n",
       "      <td>0.076827</td>\n",
       "      <td>0.215902</td>\n",
       "      <td>-0.052986</td>\n",
       "      <td>-0.080890</td>\n",
       "      <td>0.037684</td>\n",
       "      <td>0.018255</td>\n",
       "      <td>0.374821</td>\n",
       "      <td>0.169779</td>\n",
       "      <td>0.305945</td>\n",
       "      <td>0.431037</td>\n",
       "      <td>0.099598</td>\n",
       "      <td>0.255338</td>\n",
       "    </tr>\n",
       "    <tr>\n",
       "      <th>year</th>\n",
       "      <td>0.003868</td>\n",
       "      <td>0.029182</td>\n",
       "      <td>1.000000</td>\n",
       "      <td>0.080545</td>\n",
       "      <td>-0.002763</td>\n",
       "      <td>0.008244</td>\n",
       "      <td>-0.005045</td>\n",
       "      <td>0.015226</td>\n",
       "      <td>0.082749</td>\n",
       "      <td>0.071836</td>\n",
       "      <td>0.139319</td>\n",
       "      <td>-0.101210</td>\n",
       "      <td>-0.008307</td>\n",
       "      <td>-0.018900</td>\n",
       "      <td>-0.006097</td>\n",
       "      <td>0.006782</td>\n",
       "      <td>-0.024398</td>\n",
       "      <td>-0.002954</td>\n",
       "    </tr>\n",
       "    <tr>\n",
       "      <th>selling_price</th>\n",
       "      <td>0.123902</td>\n",
       "      <td>0.085367</td>\n",
       "      <td>0.080545</td>\n",
       "      <td>1.000000</td>\n",
       "      <td>0.077578</td>\n",
       "      <td>-0.009815</td>\n",
       "      <td>0.033484</td>\n",
       "      <td>0.099383</td>\n",
       "      <td>-0.042990</td>\n",
       "      <td>0.048917</td>\n",
       "      <td>0.104687</td>\n",
       "      <td>-0.012332</td>\n",
       "      <td>0.029329</td>\n",
       "      <td>0.020120</td>\n",
       "      <td>0.038343</td>\n",
       "      <td>0.062988</td>\n",
       "      <td>0.019197</td>\n",
       "      <td>0.101294</td>\n",
       "    </tr>\n",
       "    <tr>\n",
       "      <th>km_driven</th>\n",
       "      <td>0.153325</td>\n",
       "      <td>0.097992</td>\n",
       "      <td>-0.002763</td>\n",
       "      <td>0.077578</td>\n",
       "      <td>1.000000</td>\n",
       "      <td>-0.006941</td>\n",
       "      <td>0.040911</td>\n",
       "      <td>0.099030</td>\n",
       "      <td>-0.033595</td>\n",
       "      <td>0.234530</td>\n",
       "      <td>0.015992</td>\n",
       "      <td>-0.034987</td>\n",
       "      <td>0.034145</td>\n",
       "      <td>-0.013587</td>\n",
       "      <td>0.042631</td>\n",
       "      <td>0.055683</td>\n",
       "      <td>0.025803</td>\n",
       "      <td>0.116968</td>\n",
       "    </tr>\n",
       "    <tr>\n",
       "      <th>Region</th>\n",
       "      <td>0.078271</td>\n",
       "      <td>0.017409</td>\n",
       "      <td>0.008244</td>\n",
       "      <td>-0.009815</td>\n",
       "      <td>-0.006941</td>\n",
       "      <td>1.000000</td>\n",
       "      <td>0.065809</td>\n",
       "      <td>0.104294</td>\n",
       "      <td>-0.003030</td>\n",
       "      <td>0.056473</td>\n",
       "      <td>0.022347</td>\n",
       "      <td>-0.010190</td>\n",
       "      <td>-0.000828</td>\n",
       "      <td>0.020832</td>\n",
       "      <td>0.011340</td>\n",
       "      <td>0.003253</td>\n",
       "      <td>-0.016405</td>\n",
       "      <td>0.077195</td>\n",
       "    </tr>\n",
       "    <tr>\n",
       "      <th>State or Province</th>\n",
       "      <td>0.227767</td>\n",
       "      <td>0.076827</td>\n",
       "      <td>-0.005045</td>\n",
       "      <td>0.033484</td>\n",
       "      <td>0.040911</td>\n",
       "      <td>0.065809</td>\n",
       "      <td>1.000000</td>\n",
       "      <td>0.180573</td>\n",
       "      <td>-0.006287</td>\n",
       "      <td>-0.025582</td>\n",
       "      <td>-0.030904</td>\n",
       "      <td>-0.016026</td>\n",
       "      <td>0.008630</td>\n",
       "      <td>0.004736</td>\n",
       "      <td>0.010883</td>\n",
       "      <td>0.024179</td>\n",
       "      <td>-0.007014</td>\n",
       "      <td>0.266595</td>\n",
       "    </tr>\n",
       "    <tr>\n",
       "      <th>City</th>\n",
       "      <td>0.753860</td>\n",
       "      <td>0.215902</td>\n",
       "      <td>0.015226</td>\n",
       "      <td>0.099383</td>\n",
       "      <td>0.099030</td>\n",
       "      <td>0.104294</td>\n",
       "      <td>0.180573</td>\n",
       "      <td>1.000000</td>\n",
       "      <td>-0.009900</td>\n",
       "      <td>-0.010701</td>\n",
       "      <td>-0.006265</td>\n",
       "      <td>-0.009069</td>\n",
       "      <td>0.060314</td>\n",
       "      <td>0.001647</td>\n",
       "      <td>0.039398</td>\n",
       "      <td>0.066667</td>\n",
       "      <td>-0.003752</td>\n",
       "      <td>0.650418</td>\n",
       "    </tr>\n",
       "    <tr>\n",
       "      <th>fuel</th>\n",
       "      <td>-0.030614</td>\n",
       "      <td>-0.052986</td>\n",
       "      <td>0.082749</td>\n",
       "      <td>-0.042990</td>\n",
       "      <td>-0.033595</td>\n",
       "      <td>-0.003030</td>\n",
       "      <td>-0.006287</td>\n",
       "      <td>-0.009900</td>\n",
       "      <td>1.000000</td>\n",
       "      <td>0.036044</td>\n",
       "      <td>0.010803</td>\n",
       "      <td>-0.014162</td>\n",
       "      <td>-0.096463</td>\n",
       "      <td>-0.028362</td>\n",
       "      <td>-0.074675</td>\n",
       "      <td>-0.039965</td>\n",
       "      <td>-0.298782</td>\n",
       "      <td>-0.010861</td>\n",
       "    </tr>\n",
       "    <tr>\n",
       "      <th>seller_type</th>\n",
       "      <td>-0.021950</td>\n",
       "      <td>-0.080890</td>\n",
       "      <td>0.071836</td>\n",
       "      <td>0.048917</td>\n",
       "      <td>0.234530</td>\n",
       "      <td>0.056473</td>\n",
       "      <td>-0.025582</td>\n",
       "      <td>-0.010701</td>\n",
       "      <td>0.036044</td>\n",
       "      <td>1.000000</td>\n",
       "      <td>0.357740</td>\n",
       "      <td>-0.197571</td>\n",
       "      <td>-0.018851</td>\n",
       "      <td>0.027690</td>\n",
       "      <td>-0.004827</td>\n",
       "      <td>0.013772</td>\n",
       "      <td>-0.090239</td>\n",
       "      <td>-0.032016</td>\n",
       "    </tr>\n",
       "    <tr>\n",
       "      <th>transmission</th>\n",
       "      <td>-0.017454</td>\n",
       "      <td>0.037684</td>\n",
       "      <td>0.139319</td>\n",
       "      <td>0.104687</td>\n",
       "      <td>0.015992</td>\n",
       "      <td>0.022347</td>\n",
       "      <td>-0.030904</td>\n",
       "      <td>-0.006265</td>\n",
       "      <td>0.010803</td>\n",
       "      <td>0.357740</td>\n",
       "      <td>1.000000</td>\n",
       "      <td>-0.141350</td>\n",
       "      <td>0.097791</td>\n",
       "      <td>0.130289</td>\n",
       "      <td>0.100970</td>\n",
       "      <td>0.130948</td>\n",
       "      <td>-0.081922</td>\n",
       "      <td>-0.019495</td>\n",
       "    </tr>\n",
       "    <tr>\n",
       "      <th>owner</th>\n",
       "      <td>0.001795</td>\n",
       "      <td>0.018255</td>\n",
       "      <td>-0.101210</td>\n",
       "      <td>-0.012332</td>\n",
       "      <td>-0.034987</td>\n",
       "      <td>-0.010190</td>\n",
       "      <td>-0.016026</td>\n",
       "      <td>-0.009069</td>\n",
       "      <td>-0.014162</td>\n",
       "      <td>-0.197571</td>\n",
       "      <td>-0.141350</td>\n",
       "      <td>1.000000</td>\n",
       "      <td>-0.022050</td>\n",
       "      <td>0.035928</td>\n",
       "      <td>0.035591</td>\n",
       "      <td>0.063762</td>\n",
       "      <td>0.037715</td>\n",
       "      <td>-0.005112</td>\n",
       "    </tr>\n",
       "    <tr>\n",
       "      <th>mileage</th>\n",
       "      <td>0.058218</td>\n",
       "      <td>0.374821</td>\n",
       "      <td>-0.008307</td>\n",
       "      <td>0.029329</td>\n",
       "      <td>0.034145</td>\n",
       "      <td>-0.000828</td>\n",
       "      <td>0.008630</td>\n",
       "      <td>0.060314</td>\n",
       "      <td>-0.096463</td>\n",
       "      <td>-0.018851</td>\n",
       "      <td>0.097791</td>\n",
       "      <td>-0.022050</td>\n",
       "      <td>1.000000</td>\n",
       "      <td>0.348325</td>\n",
       "      <td>0.411593</td>\n",
       "      <td>0.491298</td>\n",
       "      <td>0.129057</td>\n",
       "      <td>0.061290</td>\n",
       "    </tr>\n",
       "    <tr>\n",
       "      <th>engine</th>\n",
       "      <td>-0.001179</td>\n",
       "      <td>0.169779</td>\n",
       "      <td>-0.018900</td>\n",
       "      <td>0.020120</td>\n",
       "      <td>-0.013587</td>\n",
       "      <td>0.020832</td>\n",
       "      <td>0.004736</td>\n",
       "      <td>0.001647</td>\n",
       "      <td>-0.028362</td>\n",
       "      <td>0.027690</td>\n",
       "      <td>0.130289</td>\n",
       "      <td>0.035928</td>\n",
       "      <td>0.348325</td>\n",
       "      <td>1.000000</td>\n",
       "      <td>0.474471</td>\n",
       "      <td>0.562145</td>\n",
       "      <td>0.242978</td>\n",
       "      <td>0.001996</td>\n",
       "    </tr>\n",
       "    <tr>\n",
       "      <th>max_power</th>\n",
       "      <td>0.043101</td>\n",
       "      <td>0.305945</td>\n",
       "      <td>-0.006097</td>\n",
       "      <td>0.038343</td>\n",
       "      <td>0.042631</td>\n",
       "      <td>0.011340</td>\n",
       "      <td>0.010883</td>\n",
       "      <td>0.039398</td>\n",
       "      <td>-0.074675</td>\n",
       "      <td>-0.004827</td>\n",
       "      <td>0.100970</td>\n",
       "      <td>0.035591</td>\n",
       "      <td>0.411593</td>\n",
       "      <td>0.474471</td>\n",
       "      <td>1.000000</td>\n",
       "      <td>0.604126</td>\n",
       "      <td>0.141897</td>\n",
       "      <td>0.042349</td>\n",
       "    </tr>\n",
       "    <tr>\n",
       "      <th>torque</th>\n",
       "      <td>0.078585</td>\n",
       "      <td>0.431037</td>\n",
       "      <td>0.006782</td>\n",
       "      <td>0.062988</td>\n",
       "      <td>0.055683</td>\n",
       "      <td>0.003253</td>\n",
       "      <td>0.024179</td>\n",
       "      <td>0.066667</td>\n",
       "      <td>-0.039965</td>\n",
       "      <td>0.013772</td>\n",
       "      <td>0.130948</td>\n",
       "      <td>0.063762</td>\n",
       "      <td>0.491298</td>\n",
       "      <td>0.562145</td>\n",
       "      <td>0.604126</td>\n",
       "      <td>1.000000</td>\n",
       "      <td>0.155279</td>\n",
       "      <td>0.071509</td>\n",
       "    </tr>\n",
       "    <tr>\n",
       "      <th>seats</th>\n",
       "      <td>-0.007826</td>\n",
       "      <td>0.099598</td>\n",
       "      <td>-0.024398</td>\n",
       "      <td>0.019197</td>\n",
       "      <td>0.025803</td>\n",
       "      <td>-0.016405</td>\n",
       "      <td>-0.007014</td>\n",
       "      <td>-0.003752</td>\n",
       "      <td>-0.298782</td>\n",
       "      <td>-0.090239</td>\n",
       "      <td>-0.081922</td>\n",
       "      <td>0.037715</td>\n",
       "      <td>0.129057</td>\n",
       "      <td>0.242978</td>\n",
       "      <td>0.141897</td>\n",
       "      <td>0.155279</td>\n",
       "      <td>1.000000</td>\n",
       "      <td>-0.010479</td>\n",
       "    </tr>\n",
       "    <tr>\n",
       "      <th>sold</th>\n",
       "      <td>0.752949</td>\n",
       "      <td>0.255338</td>\n",
       "      <td>-0.002954</td>\n",
       "      <td>0.101294</td>\n",
       "      <td>0.116968</td>\n",
       "      <td>0.077195</td>\n",
       "      <td>0.266595</td>\n",
       "      <td>0.650418</td>\n",
       "      <td>-0.010861</td>\n",
       "      <td>-0.032016</td>\n",
       "      <td>-0.019495</td>\n",
       "      <td>-0.005112</td>\n",
       "      <td>0.061290</td>\n",
       "      <td>0.001996</td>\n",
       "      <td>0.042349</td>\n",
       "      <td>0.071509</td>\n",
       "      <td>-0.010479</td>\n",
       "      <td>1.000000</td>\n",
       "    </tr>\n",
       "  </tbody>\n",
       "</table>\n",
       "</div>"
      ],
      "text/plain": [
       "                   Sales_ID      name      year  selling_price  km_driven  \\\n",
       "Sales_ID           1.000000  0.279553  0.003868       0.123902   0.153325   \n",
       "name               0.279553  1.000000  0.029182       0.085367   0.097992   \n",
       "year               0.003868  0.029182  1.000000       0.080545  -0.002763   \n",
       "selling_price      0.123902  0.085367  0.080545       1.000000   0.077578   \n",
       "km_driven          0.153325  0.097992 -0.002763       0.077578   1.000000   \n",
       "Region             0.078271  0.017409  0.008244      -0.009815  -0.006941   \n",
       "State or Province  0.227767  0.076827 -0.005045       0.033484   0.040911   \n",
       "City               0.753860  0.215902  0.015226       0.099383   0.099030   \n",
       "fuel              -0.030614 -0.052986  0.082749      -0.042990  -0.033595   \n",
       "seller_type       -0.021950 -0.080890  0.071836       0.048917   0.234530   \n",
       "transmission      -0.017454  0.037684  0.139319       0.104687   0.015992   \n",
       "owner              0.001795  0.018255 -0.101210      -0.012332  -0.034987   \n",
       "mileage            0.058218  0.374821 -0.008307       0.029329   0.034145   \n",
       "engine            -0.001179  0.169779 -0.018900       0.020120  -0.013587   \n",
       "max_power          0.043101  0.305945 -0.006097       0.038343   0.042631   \n",
       "torque             0.078585  0.431037  0.006782       0.062988   0.055683   \n",
       "seats             -0.007826  0.099598 -0.024398       0.019197   0.025803   \n",
       "sold               0.752949  0.255338 -0.002954       0.101294   0.116968   \n",
       "\n",
       "                     Region  State or Province      City      fuel  \\\n",
       "Sales_ID           0.078271           0.227767  0.753860 -0.030614   \n",
       "name               0.017409           0.076827  0.215902 -0.052986   \n",
       "year               0.008244          -0.005045  0.015226  0.082749   \n",
       "selling_price     -0.009815           0.033484  0.099383 -0.042990   \n",
       "km_driven         -0.006941           0.040911  0.099030 -0.033595   \n",
       "Region             1.000000           0.065809  0.104294 -0.003030   \n",
       "State or Province  0.065809           1.000000  0.180573 -0.006287   \n",
       "City               0.104294           0.180573  1.000000 -0.009900   \n",
       "fuel              -0.003030          -0.006287 -0.009900  1.000000   \n",
       "seller_type        0.056473          -0.025582 -0.010701  0.036044   \n",
       "transmission       0.022347          -0.030904 -0.006265  0.010803   \n",
       "owner             -0.010190          -0.016026 -0.009069 -0.014162   \n",
       "mileage           -0.000828           0.008630  0.060314 -0.096463   \n",
       "engine             0.020832           0.004736  0.001647 -0.028362   \n",
       "max_power          0.011340           0.010883  0.039398 -0.074675   \n",
       "torque             0.003253           0.024179  0.066667 -0.039965   \n",
       "seats             -0.016405          -0.007014 -0.003752 -0.298782   \n",
       "sold               0.077195           0.266595  0.650418 -0.010861   \n",
       "\n",
       "                   seller_type  transmission     owner   mileage    engine  \\\n",
       "Sales_ID             -0.021950     -0.017454  0.001795  0.058218 -0.001179   \n",
       "name                 -0.080890      0.037684  0.018255  0.374821  0.169779   \n",
       "year                  0.071836      0.139319 -0.101210 -0.008307 -0.018900   \n",
       "selling_price         0.048917      0.104687 -0.012332  0.029329  0.020120   \n",
       "km_driven             0.234530      0.015992 -0.034987  0.034145 -0.013587   \n",
       "Region                0.056473      0.022347 -0.010190 -0.000828  0.020832   \n",
       "State or Province    -0.025582     -0.030904 -0.016026  0.008630  0.004736   \n",
       "City                 -0.010701     -0.006265 -0.009069  0.060314  0.001647   \n",
       "fuel                  0.036044      0.010803 -0.014162 -0.096463 -0.028362   \n",
       "seller_type           1.000000      0.357740 -0.197571 -0.018851  0.027690   \n",
       "transmission          0.357740      1.000000 -0.141350  0.097791  0.130289   \n",
       "owner                -0.197571     -0.141350  1.000000 -0.022050  0.035928   \n",
       "mileage              -0.018851      0.097791 -0.022050  1.000000  0.348325   \n",
       "engine                0.027690      0.130289  0.035928  0.348325  1.000000   \n",
       "max_power            -0.004827      0.100970  0.035591  0.411593  0.474471   \n",
       "torque                0.013772      0.130948  0.063762  0.491298  0.562145   \n",
       "seats                -0.090239     -0.081922  0.037715  0.129057  0.242978   \n",
       "sold                 -0.032016     -0.019495 -0.005112  0.061290  0.001996   \n",
       "\n",
       "                   max_power    torque     seats      sold  \n",
       "Sales_ID            0.043101  0.078585 -0.007826  0.752949  \n",
       "name                0.305945  0.431037  0.099598  0.255338  \n",
       "year               -0.006097  0.006782 -0.024398 -0.002954  \n",
       "selling_price       0.038343  0.062988  0.019197  0.101294  \n",
       "km_driven           0.042631  0.055683  0.025803  0.116968  \n",
       "Region              0.011340  0.003253 -0.016405  0.077195  \n",
       "State or Province   0.010883  0.024179 -0.007014  0.266595  \n",
       "City                0.039398  0.066667 -0.003752  0.650418  \n",
       "fuel               -0.074675 -0.039965 -0.298782 -0.010861  \n",
       "seller_type        -0.004827  0.013772 -0.090239 -0.032016  \n",
       "transmission        0.100970  0.130948 -0.081922 -0.019495  \n",
       "owner               0.035591  0.063762  0.037715 -0.005112  \n",
       "mileage             0.411593  0.491298  0.129057  0.061290  \n",
       "engine              0.474471  0.562145  0.242978  0.001996  \n",
       "max_power           1.000000  0.604126  0.141897  0.042349  \n",
       "torque              0.604126  1.000000  0.155279  0.071509  \n",
       "seats               0.141897  0.155279  1.000000 -0.010479  \n",
       "sold                0.042349  0.071509 -0.010479  1.000000  "
      ]
     },
     "execution_count": 18,
     "metadata": {},
     "output_type": "execute_result"
    }
   ],
   "source": [
    "df.apply(lambda x : pd.factorize(x)[0]).corr(method='pearson', min_periods=1)"
   ]
  },
  {
   "cell_type": "code",
   "execution_count": 19,
   "id": "28cbf5d8",
   "metadata": {},
   "outputs": [
    {
     "data": {
      "text/plain": [
       "<AxesSubplot:>"
      ]
     },
     "execution_count": 19,
     "metadata": {},
     "output_type": "execute_result"
    },
    {
     "data": {
